Data,Otwarcie,Najwyzszy,Najnizszy,Zamkniecie,Wolumen
2023-01-20,145.805,146.946,143.325,143.325,423077.65573289
2023-01-23,144.813,149.921,144.813,146.598,679756.4754021
2023-01-24,148.533,151.359,145.805,147.491,625479.19671419
2023-01-25,146.797,149.822,145.755,146.946,455414.55737187
2023-01-26,148.78,149.772,147.491,148.037,406107.68851997
2023-01-27,148.483,149.028,145.011,145.011,408457.79507732
2023-01-30,144.615,144.615,141.49,142.532,575792.23769836
2023-01-31,141.341,141.837,138.019,139.507,1065122.5327748
2023-02-01,139.854,140.945,137.126,137.721,560718.68851821
2023-02-02,138.911,143.722,137.076,140.3,1083115.8196598
2023-02-03,138.862,138.862,134.101,136.63,899721.81146517
2023-02-06,134.894,135.886,132.712,133.803,621834.56556669
2023-02-07,134.894,137.622,133.605,137.225,612877.74589466
2023-02-08,139.259,140.3,136.828,136.828,395750.48360205
2023-02-09,138.911,139.854,137.027,137.622,412481.50819203
2023-02-10,137.027,137.027,131.72,132.563,720344.45900819
2023-02-13,133.754,134.002,129.935,132.067,406785.19671668
2023-02-14,132.315,133.853,130.927,132.663,352957.57376647
2023-02-15,130.927,132.613,129.538,131.522,277281.31966898
2023-02-16,132.911,134.25,131.076,132.911,291368.8524557
2023-02-17,132.415,133.754,130.728,132.315,394395.46720863
2023-02-20,133.01,137.027,133.01,135.589,324667.5737668
2023-02-21,135.886,135.886,132.315,134.498,307287.27048831
2023-02-22,133.307,133.307,126.166,127.455,674669.11474642
2023-02-23,127.455,129.687,126.959,127.307,521048.1639285
2023-02-24,126.811,126.811,122.645,122.992,745909.3032702
2023-02-27,122.546,126.265,121.802,124.777,364852.27868437
2023-02-28,124.777,126.959,123.24,126.364,733727.26228673
2023-03-01,128.546,133.605,128.447,131.125,1127702.3114626
2023-03-02,129.935,129.935,125.72,127.009,909902.58195686
2023-03-03,128.15,129.836,127.654,129.836,1144128.8606427
2023-03-06,130.927,131.423,127.009,128.943,626892.68851745
2023-03-07,128.893,128.943,124.38,124.827,1005904.0819558
2023-03-08,124.777,125.62,122.595,124.976,1240955.0655596
2023-03-09,124.48,125.967,120.81,120.909,830906.33605612
2023-03-10,118.925,120.611,117.239,120.463,796155.81146635
2023-03-13,121.504,121.901,114.263,118.578,1231273.352445
2023-03-14,117.537,120.661,117.289,119.52,580810.03278027
2023-03-15,119.52,119.52,112.379,112.379,1000520.311464
2023-03-16,113.569,115.057,109.403,113.966,1083008.9508073
2023-03-17,115.85,119.272,112.776,113.47,1634110.4508011
2023-03-20,112.875,116.842,111.288,116.396,682851.63933649
2023-03-21,117.041,121.504,116.297,117.933,777095.85245017
2023-03-22,117.983,118.578,116.446,117.685,403150.64753639
2023-03-23,117.041,118.578,113.569,116.446,458949.29507674
2023-03-24,116.743,117.041,112.577,114.015,422890.13114273
2023-03-27,115.801,115.85,112.577,115.503,377758.20491373
2023-03-28,116.346,117.586,115.553,116.049,559393.91802642
2023-03-29,116.941,117.685,114.958,117.537,571997.38523939
2023-03-30,118.033,122.645,117.834,122.248,801424.64753186
2023-03-31,122.992,123.537,120.413,121.256,620647.91802572
2023-04-03,120.959,122.099,119.272,119.669,441169.74589662
2023-04-04,120.463,120.463,116.941,117.487,542776.81966595
2023-04-05,116.941,117.239,114.809,115.404,553445.55737075
2023-04-06,116.495,117.14,114.908,115.503,309330.88524238
2023-04-11,117.239,120.215,116.148,118.975,614245.86884547
2023-04-12,118.925,121.95,117.586,121.008,641586.14753368
2023-04-13,120.81,123.389,119.669,122.843,549096.19671506
2023-04-14,123.835,127.604,123.785,124.926,840005.31146585
2023-04-17,126.017,126.563,120.363,121.157,720317.23769672
2023-04-18,122.099,127.802,121.355,127.802,1107403.2786759
2023-04-19,127.455,127.455,123.835,124.678,608706.83605865
2023-04-20,124.678,126.761,124.48,125.025,628036.99179613
2023-04-21,123.289,123.289,120.165,121.752,552625.89343633
2023-04-24,120.016,121.504,119.124,119.768,452428.27868338
2023-04-25,119.421,119.768,115.156,115.255,968082.59015292
2023-04-26,116.842,117.487,115.057,116.991,619995.61474704
2023-04-27,116.247,118.528,116.247,118.33,535905.95901029
2023-04-28,119.024,119.372,115.354,118.429,627318.14753384
2023-05-02,118.033,119.024,115.057,115.057,568017.0245837
2023-05-04,115.255,117.785,114.561,115.206,605194.27868164
2023-05-05,116.346,117.983,115.652,117.586,300096.81147199
2023-05-08,118.479,122.694,118.132,121.107,454063.57376532
2023-05-09,120.413,120.413,118.132,119.471,374091.39343837
2023-05-10,119.719,121.504,117.983,118.181,460382.95081443
2023-05-11,117.041,117.933,113.272,113.867,1000293.4672017
2023-05-12,114.561,115.007,113.123,113.718,689948.33605772
2023-05-15,114.66,115.454,113.47,115.255,586556.75409168
2023-05-16,113.867,115.801,112.776,113.867,586610.18851791
2023-05-17,114.065,114.065,111.933,112.18,509587.99179748
2023-05-18,112.528,113.52,109.453,110.445,653525.21310732
2023-05-19,111.387,112.676,110.742,111.784,539031.36884632
2023-05-22,111.982,113.817,110.941,112.676,414738.86065102
2023-05-23,112.081,113.123,109.602,110.098,603631.57376362
2023-05-24,109.106,109.304,104.246,104.841,1118736.4180201
2023-05-25,105.188,106.775,103.65,104.444,508569.71310897
2023-05-26,106.328,108.61,105.535,108.411,406668.24589701
2023-05-29,109.106,109.651,107.767,108.709,198462.51639118
2023-05-30,108.312,109.106,105.684,105.981,442547.95081464
2023-05-31,105.039,106.229,103.75,103.75,1311667.9671982
2023-06-01,105.733,108.064,105.485,107.667,530416.32786282
2023-06-02,109.75,113.52,109.75,113.47,923390.23769441
2023-06-05,113.272,114.263,111.288,112.329,537651.14753486
2023-06-06,112.627,113.619,110.098,112.627,497575.32786319
2023-06-07,111.635,113.47,111.089,112.875,665154.76228751
2023-06-09,114.065,114.065,112.081,113.222,911807.06556339
2023-06-12,112.875,113.42,109.899,109.998,886909.64753089
2023-06-13,112.18,114.214,111.833,113.371,869953.79507207
2023-06-14,113.073,118.727,112.627,117.983,1505248.7950648
2023-06-15,117.239,119.867,116.495,119.768,769287.3688437
2023-06-16,120.016,121.554,118.528,119.719,1274013.8360511
2023-06-19,118.33,120.016,116.198,116.198,402298.7213069
2023-06-20,115.999,117.041,113.668,113.718,672019.57376284
2023-06-21,114.065,115.354,113.123,114.462,431126.09015903
2023-06-22,114.065,115.801,113.073,115.553,469701.71310941
2023-06-23,114.164,114.313,110.99,111.536,638325.639337
2023-06-26,111.387,113.024,110.792,112.23,274611.61475097
2023-06-27,113.52,113.619,109.354,111.04,434565.04917538
2023-06-28,111.189,112.379,108.411,109.8,485995.18032234
2023-06-29,109.75,110.494,109.007,109.602,375145.96720884
2023-06-30,110.296,111.933,109.403,111.486,319927.03278324
2023-07-03,112.28,114.313,111.933,114.115,547977.09835442
2023-07-04,114.115,114.561,112.875,114.214,198867.81147315
2023-07-05,113.371,113.371,110.593,111.04,434967.31966718
2023-07-06,110.098,110.445,107.965,107.965,502203.95901068
2023-07-07,108.114,111.486,108.064,111.238,404994.63933965
2023-07-10,110.098,111.685,108.659,111.139,354761.23770088
2023-07-11,112.23,114.412,112.23,112.825,417098.04097886
2023-07-12,113.966,118.727,113.272,118.727,984952.74589043
2023-07-13,119.024,122.099,118.578,122,949861.45080886
2023-07-14,121.702,121.95,119.124,120.066,569781.36884597
2023-07-17,117.537,118.677,116.049,117.239,410457.04917566
2023-07-18,117.437,118.28,114.809,116.049,429621.86065085
2023-07-19,116.991,117.239,114.859,115.652,409112.11474944
2023-07-20,116.049,118.528,115.751,116.644,351830.40983206
2023-07-21,117.041,117.388,114.71,115.354,331005.09835689
2023-07-24,115.206,116.049,114.363,116.049,448864.30327358
2023-07-25,117.785,122,117.785,122,1093663
2023-07-26,121.7,122.15,119.25,119.85,540682
2023-07-27,120,122,119,120.1,576768
2023-07-28,120,120.7,118.6,120.4,309571
2023-07-31,120.4,125.3,120.4,124.05,947767
2023-08-01,124.05,125.1,121.85,122.15,445828
2023-08-02,120.25,120.7,118.15,118.15,413937
2023-08-03,118,118.8,116.4,118.5,444773
2023-08-04,118.85,119.8,117.85,119.55,279308
2023-08-07,119,119.4,117.05,117.75,263453
2023-08-08,116.65,116.8,114.2,115.05,594525
2023-08-09,116.95,117.65,115.05,115.65,369486
2023-08-10,116.35,117.75,115.75,116.25,310364
2023-08-11,116,116,113.2,113.95,426354
2023-08-14,113.95,114.4,111.8,112.5,369195
2023-08-16,111,111.4,108.1,109.1,870098
2023-08-17,109.25,110.5,106.85,107.75,659560
2023-08-18,106.5,107.2,105.3,106.3,487162
2023-08-21,106.7,108.55,105.85,107.85,411044
2023-08-22,109.35,110.55,108.65,109.7,630445
2023-08-23,110.85,112.25,108.3,112.25,577900
2023-08-24,112.5,112.9,109.1,109.85,387155
2023-08-25,109,111.8,108.45,110.45,520109
2023-08-28,110.85,113.55,110.8,113.4,332408
2023-08-29,113.7,116.35,112.95,115.95,605132
2023-08-30,116.35,116.45,114.7,115.8,343215
2023-08-31,115.1,115.6,113.15,114.1,757684
2023-09-01,114.45,118.65,114.2,117.9,686008
2023-09-04,118.5,118.8,116.2,116.5,242352
2023-09-05,115.5,117.3,114.65,114.75,330341
2023-09-06,114.55,115.55,111.85,113,500068
2023-09-07,111.9,112.75,108.4,109.25,632292
2023-09-08,110,110.8,108.6,110.3,391746
2023-09-11,112.3,113.15,111.15,111.9,347119
2023-09-12,112.35,113.1,111.5,112.6,601262
2023-09-13,112.55,112.85,110.7,111.35,594270
2023-09-14,112.9,116.95,112,116.3,786205
2023-09-15,116.6,117.75,116.05,116.8,1108825
2023-09-18,116.5,116.75,112.3,112.5,315389
2023-09-19,112.5,113.85,111.4,111.6,379674
2023-09-20,112.3,115.2,112.05,115.15,425524
2023-09-21,113.4,113.7,110.8,111.7,528262
2023-09-22,111.8,112.7,111.35,111.45,308096
2023-09-25,111,111.05,108.2,108.2,496208
2023-09-26,108,110,106.55,109.35,563791
2023-09-27,109.75,110.65,108.1,108.55,270333
2023-09-28,108.6,111.85,108.6,111.4,337400
2023-09-29,112.5,113.1,111.6,111.95,327013
2023-10-02,111.5,112.75,108.7,108.8,444142
2023-10-03,108.55,109.4,106.5,107.25,506678
2023-10-04,106.5,109.2,106,106.75,458863
2023-10-05,107.8,107.8,105,105,464145
2023-10-06,105.25,107.65,104.25,107.4,483227
2023-10-09,109,109.4,106.5,107.9,308033
2023-10-10,109.15,110.9,107.55,110.05,565624
2023-10-11,110.5,111.95,109.25,110.8,684114
2023-10-12,111.5,112.4,109,109.7,401705
2023-10-13,109.45,110.6,108.7,109.15,344012
2023-10-16,110.5,114.3,110.05,112.5,824343
2023-10-17,112.2,114.5,110.3,111.9,739415
2023-10-18,112.85,114.3,112.35,113.3,672170
2023-10-19,112.7,113.3,109.7,110.2,560112
2023-10-20,109.2,109.8,107.65,107.95,541900
2023-10-23,107.3,107.7,105.6,105.6,713752
2023-10-24,107.1,108.55,106.1,107.4,665346
2023-10-25,108,111.15,107.5,110.8,882432
2023-10-26,108.9,111.9,108.1,111.9,620124
2023-10-27,112.9,113.2,110.5,111.35,541347
2023-10-30,112.5,113.5,111.45,111.6,372574
2023-10-31,111.65,113.2,111,112.25,771626
2023-11-02,113.3,114.45,112.5,113.2,594906
2023-11-03,114.2,114.3,112.9,113.8,333470
2023-11-06,114.5,114.85,112.7,113.5,411589
2023-11-07,112.6,112.7,108.75,109,728419
2023-11-08,109.05,110.55,107.5,107.5,443720
2023-11-09,107.55,109.95,107.1,109.5,367774
2023-11-10,108.7,109.3,105.25,105.9,977572
2023-11-13,107,107.7,106.1,106.1,432995
2023-11-14,107.05,112.4,107,112.4,771845
2023-11-15,112.2,115.5,111.15,114.5,1216921
2023-11-16,112.2,115.35,111.75,114.95,761122
2023-11-17,114.15,115.9,113.6,115.75,514373
2023-11-20,115.95,119.35,115.6,119,624688
2023-11-21,119.95,120,117.55,118.65,568498
2023-11-22,118,119,116.3,117.35,418467
2023-11-23,118.1,118.9,115.7,116,197222
2023-11-24,116,117.65,115,116.3,226474
2023-11-27,116.25,116.9,114.8,114.95,281234
2023-11-28,114.6,117.4,113.9,117.4,358463
2023-11-29,117.45,119.25,115.6,117.25,468073
2023-11-30,117.25,117.35,115,115.3,1190127
2023-12-01,115.65,121.4,115.6,121.4,938782
2023-12-04,120.05,122.1,118.9,120.2,471382
2023-12-05,119.5,121.8,118.6,118.8,672322
2023-12-06,120,121,118.6,119.4,346628
2023-12-07,118.9,119,116.5,117.25,398315
2023-12-08,118.4,119.4,117.15,117.95,602576
2023-12-11,117.8,118.95,117.15,118.45,533455
2023-12-12,118.5,119.5,115.15,115.65,558459
2023-12-13,115.45,116.6,114.6,115.6,591271
2023-12-14,117.9,122.1,117.9,121.5,1152537
2023-12-15,121.7,125.3,121.5,123.3,2030034
2023-12-18,122.6,124.9,122.5,124.2,482148
2023-12-19,123.55,127,123.4,126.1,474447
2023-12-20,127,128.4,123.8,123.95,500296
2023-12-21,123.95,124.55,122.9,123.9,354356
2023-12-22,124.45,125.65,123.8,123.8,188580
2023-12-27,125,126.45,124.7,125.6,539071
2023-12-28,125.75,126.7,124.6,124.7,420054
2023-12-29,125,125.25,122.7,122.7,474559
2024-01-02,123.1,123.85,119,120.15,470629
2024-01-03,119.9,120.15,115.8,117.2,643158
2024-01-04,118,118.5,115.2,116.25,708352
2024-01-05,116,116.7,113.65,115.85,496019
2024-01-08,116,116,113.3,114.95,416631
2024-01-09,115.9,116.6,114.2,114.5,299818
2024-01-10,114.45,114.8,112.1,112.45,483197
2024-01-11,114.1,114.25,110.6,110.85,728012
2024-01-12,112,112.85,110.7,111.05,407524
2024-01-15,111.9,112.2,108.8,109.15,650482
2024-01-16,109,111.05,108.35,110.3,510318
2024-01-17,108.9,109,105.8,105.9,1077959
2024-01-18,108,108,105.8,106,543082
2024-01-19,107.5,108.3,106.5,107.1,402361
